
outfunc
duration = 0.023648sec.

cost:1986
CSPF
j1{{q}}6
j1{{q}}261
[197]{{q}}7
[197]{{q}}261
[198]{{q}}127
[198]{{q}}261
[199]{{q}}248
[199]{{q}}261
[200]{{q}}12
[200]{{q}}261
[201]{{q}}12
[201]{{q}}261
[202]{{q}}7
[202]{{q}}261
[203]{{q}}8
[203]{{q}}261
[204]{{q}}10
[204]{{q}}261
[205]{{q}}7
[205]{{q}}261
[206]{{q}}11
[206]{{q}}261
[207]{{q}}8
[207]{{q}}261
[208]{{q}}8
[208]{{q}}261
n[198]127
n[198]1
w1[198]136
w1[198]127
[26][198]234
[26][198]127
[9]{{u}}84
[9]{{u}}192
[76]{{u}}84
[76]{{u}}161
[120]{{u}}106
[120]{{u}}440
[121]{{u}}64
[121]{{u}}440
[122]{{u}}31
[122]{{u}}440
[123]{{u}}37
[123]{{u}}440
[124]{{u}}75
[124]{{u}}440
[125]{{u}}57
[125]{{u}}440
[126]{{u}}206
[126]{{u}}440
[127]{{u}}69
[127]{{u}}440
[128]{{u}}106
[128]{{u}}440
[129]{{u}}49
[129]{{u}}440
[130]{{u}}6
[130]{{u}}440
[132]{{u}}66
[132]{{u}}440
n[126]206
n[126]1
p0[126]206
p0[126]171
[50][126]454
[50][126]206
j1{{r}}6
j1{{r}}411
[135]{{r}}8
[135]{{r}}411
[136]{{r}}220
[136]{{r}}411
[137]{{r}}501
[137]{{r}}411
[138]{{r}}8
[138]{{r}}411
[139]{{r}}8
[139]{{r}}411
[140]{{r}}12
[140]{{r}}411
[141]{{r}}7
[141]{{r}}411
[142]{{r}}8
[142]{{r}}411
[143]{{r}}7
[143]{{r}}411
[144]{{r}}10
[144]{{r}}411
[145]{{r}}7
[145]{{r}}411
[146]{{r}}12
[146]{{r}}411
[147]{{r}}10
[147]{{r}}411
n[137]501
n[137]1
p0[137]501
p0[137]488
[50][137]501
[50][137]258
n[136]220
n[136]1
p0[136]258
p0[136]220
[50][136]488
[50][136]220
w1[50]136
w1[50]127
[26][50]248
[26][50]136
n[199]248
n[199]1
w1[199]248
w1[199]234
[26][199]248
[26][199]136
[213]w149
[213]w1131
[214]w186
[214]w1131
[215]w155
[215]w1131
[216]w19
[216]w1131
[217]w167
[217]w1131
[218]w126
[218]w1131
[219]w122
[219]w1131
[220]w125
[220]w1131
[221]w129
[221]w1131
[222]w149
[222]w1131
[223]w172
[223]w1131
[224]w156
[224]w1131
[225]w169
[225]w1131
[226]w143
[226]w1131
b3[215]55
b3[215]59
[9][215]55
[9][215]49
[67][215]55
[67][215]63
c1[128]106
c1[128]161
[9][128]106
[9][128]316
[39][128]106
[39][128]88
b3[214]51
b3[214]54
[35][214]71
[35][214]54
c1[214]83
c1[214]86
[9][214]86
[9][214]132
v0p064
v0p0107
[21]p064
[21]p070
[149]p061
[149]p0232
[150]p050
[150]p0232
[151]p0102
[151]p0232
[152]p0104
[152]p0232
[153]p015
[153]p0232
[154]p033
[154]p0232
[155]p031
[155]p0232
[156]p047
[156]p0232
[522]p069
[522]p0232
[525]p068
[525]p0232
[528]p0117
[528]p0232
[531]p062
[531]p0232
[159][528]111
[159][528]232
[160][528]116
[160][528]232
c1[159]106
c1[159]111
[9][159]111
[9][159]215
[30][159]119
[30][159]111
c1[160]116
c1[160]119
[9][160]116
[9][160]209
[30][160]116
[30][160]106
b3c163
b3c171
[35]c163
[35]c151
[67]c159
[67]c168
w2[219]22
w2[219]26
[23][219]22
[23][219]22
[42][219]22
[42][219]1
w2[218]22
w2[218]26
[23][218]26
[23][218]26
[42][218]26
[42][218]101
v2[23]8
v2[23]1
u2[23]8
u2[23]7
[86][23]7
[86][23]8
a1[122]31
a1[122]41
[47][122]31
[47][122]35
[77][122]31
[77][122]1
a1[154]31
a1[154]33
[18][154]33
[18][154]33
[77][154]33
[77][154]141
a1[155]31
a1[155]33
[18][155]31
[18][155]31
[77][155]31
[77][155]1
v2a130
v2a11
u2a130
u2a126
[1962]a122
[1962]a130
w2[1962]22
w2[1962]26
[86][1962]22
[86][1962]25
v2[86]7
v2[86]8
u2[86]1
u2[86]8
[157][531]59
[157][531]232
[158][531]47
[158][531]232
g1[158]47
g1[158]49
[13][158]47
[13][158]145
[31][158]47
[31][158]57
g1[125]57
g1[125]61
[13][125]57
[13][125]141
[59][125]57
[59][125]1
g1[157]57
g1[157]59
[13][157]59
[13][157]169
[31][157]49
[31][157]59
[178]g136
[178]g143
[179]g150
[179]g143
c[179]50
c[179]29
a3[179]50
a3[179]30
c[221]50
c[221]29
a3[221]29
a3[221]24
[13][221]29
[13][221]59
x3[178]36
x3[178]30
a3[178]1
a3[178]36
[96][223]35
[96][223]102
[227][223]14
[227][223]102
[228][223]50
[228][223]102
c[223]72
c[223]54
a3[228]50
a3[228]50
[13][228]50
[13][228]102
[240]a325
[240]a347
[241]a343
[241]a347
v2[240]36
v2[240]25
x3[240]25
x3[240]30
i1[124]75
i1[124]71
[43][124]75
[43][124]1
[60][124]75
[60][124]1
[161][525]69
[161][525]232
[162][525]75
[162][525]232
i1[161]75
i1[161]69
z3[161]69
z3[161]205
[29][161]69
[29][161]69
i1[162]75
i1[162]69
z3[162]75
z3[162]1
[29][162]75
[29][162]75
[176]i149
[176]i149
[177]i112
[177]i149
u2[177]12
u2[177]1
y2[177]12
y2[177]32
v0[213]36
v0[213]49
b4[213]49
b4[213]69
z2[213]49
z2[213]49
y2[213]49
y2[213]49
[61][213]56
[61][213]49
z2[176]49
z2[176]49
y2[176]1
y2[176]49
z3[222]49
z3[222]1
z2[222]49
z2[222]49
y2[222]49
y2[222]49
[242]y21
[242]y212
[243]y212
[243]y212
y1[242]8
y1[242]1
u2[242]8
u2[242]1
y1[243]12
y1[243]8
u2[243]12
u2[243]8
v2u28
v2u211
z3u211
z3u28
[1939]u28
[1939]u214
v0[132]66
v0[132]120
[21][132]66
[21][132]66
t0[21]49
t0[21]59
b4[21]59
b4[21]16
[49][21]57
[49][21]59
[1948][21]10
[1948][21]66
t0[156]47
t0[156]57
[38][156]47
[38][156]161
[49][156]47
[49][156]49
[38][226]43
[38][226]127
[49][226]47
[49][226]43
v2[49]30
v2[49]43
[17][49]36
[17][49]43
v2[241]43
v2[241]30
x3[241]36
x3[241]43
v2[220]25
v2[220]36
[17][220]25
[17][220]30
[38][220]25
[38][220]87
[249]v28
[249]v218
[250]v211
[250]v218
[251]v211
[251]v218
[252]v28
[252]v218
[64][249]8
[64][249]10
[67][249]8
[67][249]11
[67][203]8
[67][203]11
[72][203]8
[72][203]169
c[67]28
c[67]23
y1[67]28
y1[67]24
y1[217]67
y1[217]70
[32][217]67
[32][217]65
[44][217]67
[44][217]111
g[200]12
g[200]12
[104][200]12
[104][200]158
[78][104]7
[78][104]158
[210][104]8
[210][104]158
[211][104]8
[211][104]158
y1[211]8
y1[211]7
[41][211]8
[41][211]110
y1[251]8
y1[251]11
[13][251]11
[13][251]15
c4[250]11
c4[250]15
[35][250]11
[35][250]8
c[35]19
c[35]20
y1[35]18
y1[35]20
y1[204]10
y1[204]13
[71][204]10
[71][204]194
y1[151]94
y1[151]94
[32][151]105
[32][151]94
h1[151]102
h1[151]112
[44][151]102
[44][151]214
h1[152]94
h1[152]104
[57][152]104
[57][152]140
[97][152]104
[97][152]111
[57][225]69
[57][225]102
[97][225]69
[97][225]77
r1[120]21
r1[120]106
h1[120]94
h1[120]106
[44][120]106
[44][120]183
[97][120]106
[97][120]111
y1[97]65
y1[97]69
[75][97]69
[75][97]67
y1[201]12
y1[201]12
[80][201]12
[80][201]249
[255]y130
[255]y180
[256]y136
[256]y180
[257]y125
[257]y180
[258]y17
[258]y180
[259]y112
[259]y180
[260]y137
[260]y180
[261]y118
[261]y180
[262]y147
[262]y180
c[255]30
c[255]30
g[255]26
g[255]30
j4[255]25
j4[255]30
[40][255]30
[40][255]61
[116]{{v}}11
[116]{{v}}35
[117]{{v}}11
[117]{{v}}35
[118]{{v}}26
[118]{{v}}35
[119]{{v}}16
[119]{{v}}35
{{s}}{{v}}33
{{s}}{{v}}33
e[116]11
e[116]11
g[116]11
g[116]11
p2[116]11
p2[116]11
y0[116]11
y0[116]12
g4[257]30
g4[257]25
[22][257]34
[22][257]25
[40][257]25
[40][257]57
t0[18]8
t0[18]1
z0[18]8
z0[18]7
[47][18]7
[47][18]8
d[31]8
d[31]7
t0[31]8
t0[31]8
[59][31]10
[59][31]1
t0[123]37
t0[123]1
z0[123]37
z0[123]41
[77][123]37
[77][123]1
t0[47]7
t0[47]8
z0[47]1
z0[47]8
d[129]49
d[129]49
t0[129]49
t0[129]51
[13][129]49
[13][129]131
d[59]8
d[59]1
t0[59]7
t0[59]1
h1[127]69
h1[127]57
z0[127]69
z0[127]57
[43][127]69
[43][127]1
h1[29]10
h1[29]8
z0[29]10
z0[29]8
[60][29]10
[60][29]1
h1[60]8
h1[60]1
z0[60]8
z0[60]1
t0z08
t0z010
z3z010
z3z08
[1963]z08
[1963]z014
[1951]t010
[1951]t016
[1952]t010
[1952]t016
[1953]t08
[1953]t016
[1954]t08
[1954]t016
c4[1951]10
c4[1951]13
[39][1951]10
[39][1951]8
[39][30]21
[39][30]19
[76][30]19
[76][30]21
d[39]15
d[39]16
h1[39]16
h1[39]16
h1[1952]8
h1[1952]10
[13][1952]10
[13][1952]13
h[139]8
h[139]8
h1[139]8
h1[139]7
[41][139]8
[41][139]194
h1[140]12
h1[140]12
[80][140]12
[80][140]445
h1[144]10
h1[144]12
[71][144]10
[71][144]338
[64][1954]8
[64][1954]12
[76][1954]8
[76][1954]10
[72][142]8
[72][142]277
[76][142]8
[76][142]10
d[76]23
d[76]20
h1[76]23
h1[76]19
[1955]h116
[1955]h199
[1956]h192
[1956]h199
{{s}}[1956]11
{{s}}[1956]13
{{t}}[1956]11
{{t}}[1956]11
e4[1956]13
e4[1956]100
[1957][1956]86
[1957][1956]99
h[1957]16
h[1957]16
d4[1957]16
d4[1957]85
[188][1957]9
[188][1957]99
[1958][1957]75
[1958][1957]99
b2[1958]61
b2[1958]102
b4[1958]61
b4[1958]64
[114][1958]61
[114][1958]61
[1959][1958]7
[1959][1958]99
[193][114]61
[193][114]61
[194][114]63
[194][114]61
{{s}}[194]63
{{s}}[194]63
g4[194]63
g4[194]61
b4[256]36
b4[256]34
g4[256]47
g4[256]36
[112][256]36
[112][256]59
{{s}}[193]61
{{s}}[193]61
g4[193]63
g4[193]61
cg450
cg450
gg436
gg436
j4g439
j4g447
[230][224]25
[230][224]56
[231][224]47
[231][224]56
[232][224]25
[232][224]56
[233][224]25
[233][224]56
[11][224]56
[11][224]116
a2[232]25
a2[232]42
[14][232]25
[14][232]30
a2[1939]8
a2[1939]11
[74][1939]8
[74][1939]8
a2[118]26
a2[118]33
[8][118]26
[8][118]26
[20][118]26
[20][118]26
a2[208]8
a2[208]12
[53][208]8
[53][208]122
a2[206]11
a2[206]12
[65][206]11
[65][206]122
l[149]61
l[149]50
{{s}}[149]61
{{s}}[149]61
e1[149]61
e1[149]63
[11][149]61
[11][149]120
l[230]25
l[230]25
e1[230]39
e1[230]25
[14][230]25
[14][230]30
{{t}}[121]8
{{t}}[121]74
[133][121]61
[133][121]74
s1[121]126
s1[121]64
[11][121]64
[11][121]321
{{s}}[133]50
{{s}}[133]61
e1[133]61
e1[133]71
d[522]12
d[522]12
[96][522]12
[96][522]164
[1964][522]63
[1964][522]232
{{s}}[1964]59
{{s}}[1964]63
e1[1964]61
e1[1964]63
[11][1964]63
[11][1964]215
e1[231]50
e1[231]47
[22][231]47
[22][231]29
q2[119]16
q2[119]34
e1[119]21
e1[119]16
[8][119]16
[8][119]16
[14]e161
[14]e147
[22]e161
[22]e143
a2e130
a2e168
a2[210]8
a2[210]8
w0[210]8
w0[210]10
[46][210]8
[46][210]51
a2[252]8
a2[252]11
z3[252]8
z3[252]11
j4[112]25
j4[112]30
[24][112]30
[24][112]30
[1936][112]25
[1936][112]59
i[1936]25
i[1936]25
a2[1936]25
a2[1936]50
u3[1936]25
u3[1936]1
c[197]7
c[197]11
a2[197]8
a2[197]7
[52][197]7
[52][197]119
a2[260]37
a2[260]21
[48][260]37
[48][260]36
ca2148
ca2126
ga2148
ga2102
e4[261]18
e4[261]72
[22][261]18
[22][261]11
k3[117]11
k3[117]16
p2[117]11
p2[117]17
[22][117]14
[22][117]11
[22][207]12
[22][207]8
[53][207]8
[53][207]124
c[22]108
c[22]110
g[22]140
g[22]110
g[233]25
g[233]8
l[233]36
l[233]25
g[205]7
g[205]7
[68][205]7
[68][205]146
g[262]15
g[262]47
d4[262]47
d4[262]46
j1{{o}}7
j1{{o}}44
[334]{{o}}8
[334]{{o}}44
[335]{{o}}7
[335]{{o}}44
[336]{{o}}8
[336]{{o}}44
[337]{{o}}21
[337]{{o}}44
[338]{{o}}24
[338]{{o}}44
[339]{{o}}14
[339]{{o}}44
[340]{{o}}7
[340]{{o}}44
[341]{{o}}7
[341]{{o}}44
[342]{{o}}8
[342]{{o}}44
[343]{{o}}9
[343]{{o}}44
[344]{{o}}7
[344]{{o}}44
[345]{{o}}10
[345]{{o}}44
[346]{{o}}13
[346]{{o}}44
m[337]21
m[337]21
n[337]21
n[337]25
g3[337]24
g3[337]21
j1{{p}}6
j1{{p}}94
[270]{{p}}8
[270]{{p}}94
[271]{{p}}8
[271]{{p}}94
[272]{{p}}50
[272]{{p}}94
[273]{{p}}92
[273]{{p}}94
[274]{{p}}13
[274]{{p}}94
[275]{{p}}7
[275]{{p}}94
[276]{{p}}7
[276]{{p}}94
[277]{{p}}8
[277]{{p}}94
[278]{{p}}9
[278]{{p}}94
[279]{{p}}7
[279]{{p}}94
[280]{{p}}11
[280]{{p}}94
[281]{{p}}7
[281]{{p}}94
[282]{{p}}12
[282]{{p}}94
n[272]50
n[272]1
l2[272]61
l2[272]50
[15][272]87
[15][272]50
l2[26]61
l2[26]50
[15][26]92
[15][26]61
n[273]92
n[273]1
l2[273]92
l2[273]87
[15][273]92
[15][273]61
m[15]24
m[15]24
g3[15]24
g3[15]21
m[338]24
m[338]24
n[338]24
n[338]1
g3[338]24
g3[338]21
e[344]7
e[344]7
[68][344]7
[68][344]27
[350]g38
[350]g320
[351]g37
[351]g320
[352]g31
[352]g320
[353]g38
[353]g320
[354]g38
[354]g320
[355]g317
[355]g320
[356]g316
[356]g320
[357]g318
[357]g320
[358]g313
[358]g320
[359]g37
[359]g320
a[356]16
a[356]12
[101][356]16
[101][356]13
i3[101]14
i3[101]11
[9][101]11
[9][101]16
[96][101]12
[96][101]13
[1887][101]12
[1887][101]13
i3[353]8
i3[353]1
z3[353]8
z3[353]18
w3[353]13
w3[353]8
q3[351]7
q3[351]8
w3[351]8
w3[351]7
[42][351]7
[42][351]11
m2l243
m2l240
[108]l243
[108]l250
[284]l235
[284]l243
[285]l221
[285]l243
[286]l217
[286]l243
[287]l29
[287]l243
[288]l214
[288]l243
[289]l210
[289]l243
[290]l215
[290]l243
[292]l222
[292]l243
[293]l224
[293]l243
[294]l28
[294]l243
[295]l239
[295]l243
[296]l225
[296]l243
[300][292]8
[300][292]24
[301][292]8
[301][292]24
[302][292]16
[302][292]24
b[292]22
b[292]19
o3[302]16
o3[302]16
[13][302]16
[13][302]33
x3[290]16
x3[290]15
o3[290]15
o3[290]1
[13][290]15
[13][290]21
[313]x315
[313]x325
[314]x316
[314]x325
b[314]16
b[314]15
o3[314]16
o3[314]16
o3[313]1
o3[313]15
[63][313]16
[63][313]15
[315]o310
[315]o321
[316]o325
[316]o321
r3[316]25
r3[316]16
[63][316]25
[63][316]15
r3[315]15
r3[315]10
[63][315]16
[63][315]10
a[63]8
a[63]7
q3[63]8
q3[63]8
k3[1887]8
k3[1887]8
[11][1887]8
[11][1887]9
[1888][1887]8
[1888][1887]13
q3[1888]8
q3[1888]8
[13][1888]8
[13][1888]16
[10][288]14
[10][288]14
[37][288]14
[37][288]9
[42][288]14
[42][288]39
r3w221
r3w210
s3w216
s3w220
[37]w214
[37]w29
[10][287]9
[10][287]9
[37][287]14
[37][287]9
[42][287]9
[42][287]1
q3[37]8
q3[37]1
w3[37]8
w3[37]7
s3[108]27
s3[108]17
[25][108]27
[25][108]27
[34][108]26
[34][108]17
[43][108]26
[43][108]50
[1904][108]31
[1904][108]50
z2[286]16
z2[286]17
[34][286]17
[34][286]1
[43][286]17
[43][286]16
s3z217
s3z21
[25]z217
[25]z217
[1912]z226
[1912]z227
m2[1912]26
m2[1912]17
[34][1912]26
[34][1912]17
s3[34]26
s3[34]17
[25][34]17
[25][34]17
i3[25]13
i3[25]8
w3[25]13
w3[25]8
i3[354]13
i3[354]8
z3[354]8
z3[354]8
w3[354]8
w3[354]1
q3[352]8
q3[352]1
w3[352]1
w3[352]8
[42][352]1
[42][352]13
z3w313
z3w38
q3w38
q3w313
[1886]w38
[1886]w316
q3[358]8
q3[358]13
[38][358]13
[38][358]21
[17][296]21
[17][296]25
[38][296]25
[38][296]51
q3[17]15
q3[17]25
r3[17]16
r3[17]25
a[355]15
a[355]17
[106][355]17
[106][355]14
[79][106]7
[79][106]14
[360][106]7
[360][106]14
[361][106]13
[361][106]14
q3[360]7
q3[360]1
[13][360]7
[13][360]1
q3[289]10
q3[289]16
r3[289]10
r3[289]15
[38][289]10
[38][289]29
[371]q38
[371]q317
[372]q313
[372]q317
[373]q38
[373]q317
[374]q38
[374]q317
[375]q38
[375]q317
i3[374]8
i3[374]8
c4[374]8
c4[374]16
i3[372]8
i3[372]13
[13][372]13
[13][372]16
[16][1904]31
[16][1904]32
[44][1904]31
[44][1904]40
m2[32]97
m2[32]114
[16][32]105
[16][32]114
m1[16]33
m1[16]107
i3[16]92
i3[16]107
[28][284]32
[28][284]25
[58][284]21
[58][284]25
b3[284]34
b3[284]35
[9][284]35
[9][284]46
[28]b325
[28]b321
[58]b325
[58]b332
[69]b325
[69]b336
[58][342]8
[58][342]13
[72][342]8
[72][342]27
[58][371]8
[58][371]13
[64][371]8
[64][371]10
[9][285]21
[9][285]17
[58][285]21
[58][285]25
[69][285]21
[69][285]25
a[58]19
a[58]16
i3[58]19
i3[58]15
i3[361]13
i3[361]12
[9][361]13
[9][361]11
[57][295]39
[57][295]49
[75][295]39
[75][295]32
i3[75]33
i3[75]39
m2[75]32
m2[75]39
i3[339]14
i3[339]14
[80][339]14
[80][339]53
m1[350]8
m1[350]15
i3[350]8
i3[350]8
[44][350]8
[44][350]8
i3[343]9
i3[343]13
[71][343]9
[71][343]40
i3[357]15
i3[357]18
[57][357]18
[57][357]21
e[336]8
e[336]8
i3[336]8
i3[336]7
[41][336]8
[41][336]27
[376]i38
[376]i335
[377]i38
[377]i335
[378]i312
[378]i335
[379]i314
[379]i335
[380]i310
[380]i335
[381]i310
[381]i335
[382]i315
[382]i335
e[382]16
e[382]15
d4[382]15
d4[382]20
e[380]10
e[380]10
e4[380]10
e4[380]21
k3[1886]8
k3[1886]13
[74][1886]8
[74][1886]8
[303][293]10
[303][293]23
[304][293]25
[304][293]23
[305][293]10
[305][293]23
[306][293]21
[306][293]23
[11][293]24
[11][293]42
k3[304]15
k3[304]25
[20][304]23
[20][304]25
k3[14]15
k3[14]25
p2[14]10
p2[14]15
q2[14]38
q2[14]25
k3[379]14
k3[379]24
k4[379]14
k4[379]13
a[335]7
a[335]11
k3[335]8
k3[335]7
[52][335]7
[52][335]22
k3[373]8
k3[373]13
z3[373]8
z3[373]11
[8][346]13
[8][346]13
[53][346]13
[53][346]35
a[8]48
a[8]48
n3[8]48
n3[8]48
k3[8]48
k3[8]86
k3[305]10
k3[305]16
q2[305]10
q2[305]15
k3[303]10
k3[303]16
s1[303]10
s1[303]10
p2[303]10
p2[303]15
k3[345]10
k3[345]13
[65][345]10
[65][345]20
ak380
ak396
ek380
ek380
[69][277]8
[69][277]12
[72][277]8
[72][277]63
[307][10]7
[307][10]7
[308][10]1
[308][10]7
r3[308]8
r3[308]1
s3[308]1
s3[308]8
r3[307]7
r3[307]8
s3[307]8
s3[307]7
z3s312
z3s38
r3s38
r3s312
[1905]s38
[1905]s315
[317]r38
[317]r317
[318]r312
[318]r317
[319]r312
[319]r317
[320]r38
[320]r317
[64][317]8
[64][317]11
[69][317]8
[69][317]12
b[69]19
b[69]17
m2[69]19
m2[69]16
m2[278]9
m2[278]12
[71][278]9
[71][278]90
m2[274]13
m2[274]13
[80][274]13
[80][274]114
c4[318]12
c4[318]14
[28][318]12
[28][318]8
b[28]11
b[28]14
m2[28]14
m2[28]14
f[271]8
f[271]8
m2[271]8
m2[271]7
[41][271]8
[41][271]56
m2[319]8
m2[319]12
[13][319]12
[13][319]14
[323]m216
[323]m248
[324]m210
[324]m248
[325]m216
[325]m248
[326]m210
[326]m248
[327]m27
[327]m248
[328]m29
[328]m248
[329]m223
[329]m248
[330]m219
[330]m248
[331]m229
[331]m248
n3[325]10
n3[325]16
[40][325]16
[40][325]31
[62][325]23
[62][325]16
n3[323]10
n3[323]16
b4[323]16
b4[323]16
[24][323]16
[24][323]16
[98][323]16
[98][323]25
n3[340]7
n3[340]10
[78][340]7
[78][340]22
n3[377]8
n3[377]13
b4[377]8
b4[377]8
[24][377]8
[24][377]8
n3[326]10
n3[326]16
p2[326]10
p2[326]13
[40][326]10
[40][326]18
i[324]10
i[324]10
n3[324]10
n3[324]16
q2[324]10
q2[324]15
b4[324]10
b4[324]13
n3[359]7
n3[359]12
[11][359]7
[11][359]11
s1[334]8
s1[334]8
n3[334]8
n3[334]13
[99][334]8
[99][334]20
n3j415
n3j425
[62]j415
[62]j410
[98]j416
[98]j425
an312
an399
en399
en399
a[376]8
a[376]8
e[376]7
e[376]8
[40][376]8
[40][376]13
f[275]7
f[275]9
[78][275]7
[78][275]81
h[141]7
h[141]8
[78][141]7
[78][141]382
p1[78]51
p1[78]87
[27][78]51
[27][78]270
{{s}}[147]10
{{s}}[147]10
[53][147]10
[53][147]388
[20][282]12
[20][282]12
[53][282]12
[53][282]81
s1[53]71
s1[53]71
u3[53]71
u3[53]105
[27][53]71
[27][53]213
j[27]120
j[27]59
n[27]233
n[27]120
q2[280]11
q2[280]13
[65][280]11
[65][280]51
{{t}}[146]12
{{t}}[146]15
[65][146]12
[65][146]288
w0[65]59
w0[65]91
[46][65]91
[46][65]440
{{s}}[138]10
{{s}}[138]8
w0[138]8
w0[138]14
[46][138]8
[46][138]120
l[46]110
l[46]127
n[46]353
n[46]110
n[44]261
n[44]8
c2[44]261
c2[44]371
q2[329]23
q2[329]24
[48][329]23
[48][329]24
j[48]44
j[48]1
b4[48]1
b4[48]30
k4[48]39
k4[48]65
q0[64]59
q0[64]91
b4[64]59
b4[64]1
v0[38]40
v0[38]140
b4[38]40
b4[38]13
f1[13]6
f1[13]118
b4[13]6
b4[13]62
q2[320]8
q2[320]12
z3[320]8
z3[320]11
d[1953]8
d[1953]8
h[1953]8
h[1953]8
z3[1953]8
z3[1953]12
iz36
iz359
jz341
jz36
b4z36
b4z321
nb462
nb46
u3b462
u3b4160
f[331]18
f[331]29
d4[331]29
d4[331]36
[54]d455
[54]d4184
[396]d459
[396]d4184
[397]d468
[397]d4184
u3[397]82
u3[397]68
[40][397]68
[40][397]134
n[40]80
n[40]1
[24][40]80
[24][40]104
c[1959]7
c[1959]7
n[1959]7
n[1959]1
s1[1959]7
s1[1959]1
f1[1959]7
f1[1959]44
k4[1959]11
k4[1959]7
{{t}}[1955]16
{{t}}[1955]20
k4[1955]16
k4[1955]69
f1k459
f1k496
u3k459
u3k489
[1855]k490
[1855]k4160
k[1855]79
k[1855]59
[9][1855]59
[9][1855]51
[1856][1855]59
[1856][1855]160
n[9]44
n[9]64
g2[9]44
g2[9]442
g2[77]64
g2[77]39
[33][77]39
[33][77]116
g2[42]41
g2[42]29
c4[42]29
c4[42]75
a[375]8
a[375]8
c4[375]8
c4[375]13
{{t}}[1963]8
{{t}}[1963]10
[74][1963]8
[74][1963]8
q2[1905]8
q2[1905]12
[74][1905]8
[74][1905]8
k[74]1
k[74]59
c4[74]59
c4[74]1
jc419
jc41
[33]c419
[33]c423
a[327]7
a[327]7
[115][327]7
[115][327]40
b[258]7
b[258]7
[115][258]7
[115][258]57
j[115]15
j[115]12
k[115]12
k[115]22
[33][115]12
[33][115]37
n[33]26
n[33]1
p1[33]26
p1[33]106
s1[80]63
s1[80]108
[12][80]63
[12][80]386
[399]j16
[399]j1566
[400]j11
[400]j1566
k[400]1
k[400]1
p1[400]1
p1[400]93
[12][400]1
[12][400]167
d[135]8
d[135]1
h[135]8
h[135]8
[52][135]8
[52][135]285
[195][135]1
[195][135]8
i[396]59
i[396]1
k[396]59
k[396]1
[52][396]59
[52][396]51
[52][281]7
[52][281]47
[62][281]12
[62][281]7
l[52]90
l[52]51
[12][52]90
[12][52]348
c[259]13
c[259]12
[94][259]12
[94][259]69
b[328]8
b[328]9
[94][328]9
[94][328]32
a[378]12
a[378]12
[94][378]12
[94][378]24
m1[94]41
m1[94]56
[12][94]41
[12][94]52
[1859][94]41
[1859][94]133
r1[71]75
r1[71]63
[12][71]75
[12][71]307
j[12]156
j[12]111
n[12]218
n[12]111
d[143]7
d[143]12
[73][143]7
[73][143]311
b[276]7
b[276]11
[73][276]7
[73][276]59
c[202]7
c[202]12
[73][202]7
[73][202]213
a[341]7
a[341]11
[73][341]7
[73][341]36
k[73]51
k[73]66
n[73]175
n[73]51
r1[73]51
r1[73]130
p2[330]11
p2[330]19
e4[330]19
e4[330]49
l[150]61
l[150]50
{{s}}[150]8
{{s}}[150]50
w0[150]50
w0[150]115
e4[150]1
e4[150]50
h[145]7
h[145]7
[68][145]7
[68][145]363
f[279]7
f[279]7
[68][279]7
[68][279]70
e4[68]160
e4[68]15
u3[68]15
u3[68]326
[56][68]15
[56][68]218
e4[43]29
e4[43]33
u3[43]29
u3[43]14
a[381]10
a[381]10
e4[381]10
e4[381]22
s1e428
s1e41
[99]e428
[99]e4179
[1854]e427
[1854]e4354
k[1854]27
k[1854]71
n[1854]27
n[1854]68
[56][1854]27
[56][1854]131
a[300]8
a[300]8
[79][300]8
[79][300]24
[36][294]12
[36][294]8
[79][294]8
[79][294]20
d[153]15
d[153]15
y0[153]10
y0[153]15
[79][153]15
[79][153]180
r1[79]13
r1[79]80
[45][79]13
[45][79]175
l[227]14
l[227]40
[36][227]14
[36][227]9
[45][227]14
[45][227]81
l[216]9
l[216]1
y0[216]9
y0[216]16
[45][216]9
[45][216]13
n[45]14
n[45]1
v0[45]14
v0[45]218
d[188]8
d[188]9
[41][188]9
[41][188]74
[61][188]9
[61][188]1
l[1859]1
l[1859]41
[41][1859]41
[41][1859]102
n[41]132
n[41]63
m1[41]63
m1[41]22
n[130]6
n[130]6
s1[130]6
s1[130]88
q0[130]6
q0[130]227
q0[1856]59
q0[1856]67
[57][1856]59
[57][1856]55
n[57]16
n[57]1
b2[57]16
b2[57]175
s1[270]8
s1[270]8
[98][270]8
[98][270]12
[99][270]8
[99][270]44
n[99]98
n[99]46
w0[99]46
w0[99]82
q0[96]1
q0[96]69
u3[96]160
u3[96]69
[55][96]69
[55][96]180
m1[301]8
m1[301]16
[55][301]8
[55][301]14
k[399]75
k[399]6
q0[399]6
q0[399]166
[55][399]6
[55][399]83
l[55]220
l[55]92
n[55]92
n[55]6
n[11]37
n[11]64
w0[11]37
w0[11]410
n[72]61
n[72]59
[54][72]59
[54][72]63
d[1948]10
d[1948]10
n[1948]10
n[1948]10
r1[1948]10
r1[1948]1
y0[1948]10
y0[1948]15
b[98]21
b[98]21
f[98]21
f[98]21
p2[20]67
p2[20]130
q2[20]73
q2[20]130
bq2108
bq298
fq2108
fq298
b[62]12
b[62]13
f[62]20
f[62]12
cy029
cy029
[36]y034
[36]y029
a[36]28
a[36]28
b[36]8
b[36]28
s1[306]21
s1[306]21
p2[306]8
p2[306]21
bp2112
bp297
fp2112
fp297
j[56]119
j[56]37
s1[56]91
s1[56]37
[394]s1136
[394]s1213
[395]s1144
[395]s1213
i[395]160
i[395]144
k[395]144
k[395]14
iw058
iw0146
jw064
jw058
kw0195
kw058
m1b227
m1b270
c2b270
c2b2229
f1[61]31
f1[61]49
c2[61]55
c2[61]49
[388]c26
[388]c2344
[389]c2101
[389]c2344
k[388]14
k[388]6
l[388]6
l[388]1
q0[388]6
q0[388]140
q0[54]55
q0[54]127
u3[54]55
u3[54]15
kg232
kg268
q0g214
q0g232
f1g214
f1g265
lg244
lg2276
kv038
kv040
q0v038
q0v0215
iq060
iq067
jq060
jq081
kr1136
kr161
lr1136
lr1259
m1r166
m1r1291
im19
im1119
km179
km1119
i[394]136
i[394]14
k[394]116
k[394]136
l[394]94
l[394]136
l[389]101
l[389]101
[24][389]101
[24][389]247
i[24]83
i[24]83
j[24]83
j[24]94
ip185
ip168
lp168
lp1146
if196
if171
jf170
jf171
ku3143
ku3141
lu3103
lu3143
d{{s}}98
d{{s}}145
h{{s}}98
h{{s}}153
[195]{{s}}109
[195]{{s}}193
d[195]161
d[195]109
h[195]145
h[195]109
d{{t}}20
d{{t}}71
h{{t}}20
h{{t}}70
duration = 0.181065sec.
duration = 0.06607sec.

