
outfunc
duration = 0.023713sec.

cost:1986
CSPF
j1{{q}}6
[197]{{q}}7
[198]{{q}}127
[199]{{q}}248
[200]{{q}}12
[201]{{q}}14
[202]{{q}}11
[203]{{q}}8
[204]{{q}}11
[205]{{q}}7
[206]{{q}}10
[207]{{q}}8
[208]{{q}}8
n[198]127
w1[198]1
[26][198]1
[9]{{u}}84
[76]{{u}}84
[120]{{u}}106
[121]{{u}}64
[122]{{u}}31
[123]{{u}}8
[124]{{u}}75
[125]{{u}}57
[126]{{u}}237
[127]{{u}}10
[128]{{u}}108
[129]{{u}}8
[130]{{u}}6
[132]{{u}}64
n[126]237
p0[126]237
[50][126]1
j1{{r}}6
[135]{{r}}8
[136]{{r}}220
[137]{{r}}501
[138]{{r}}10
[139]{{r}}8
[140]{{r}}11
[141]{{r}}7
[142]{{r}}8
[143]{{r}}11
[144]{{r}}10
[145]{{r}}7
[146]{{r}}10
[147]{{r}}10
n[137]501
p0[137]501
[50][137]501
n[136]220
p0[136]1
[50][136]1
w1[50]1
[26][50]1
n[199]248
w1[199]248
[26][199]248
[213]w151
[214]w1128
[215]w155
[216]w110
[217]w184
[218]w134
[219]w122
[220]w125
[221]w130
[222]w149
[223]w1108
[224]w198
[225]w171
[226]w145
b3[215]55
[9][215]55
[67][215]55
c1[128]108
[9][128]108
[39][128]108
b3[214]51
[35][214]106
c1[214]1
[9][214]128
v0p066
[21]p066
[149]p061
[150]p050
[151]p0102
[152]p0104
[153]p015
[154]p033
[155]p031
[156]p047
[522]p065
[525]p068
[528]p0117
[531]p062
[159][528]111
[160][528]116
c1[159]1
[9][159]111
[30][159]1
c1[160]116
[9][160]116
[30][160]116
b3c163
[35]c163
[67]c121
w2[219]22
[23][219]22
[42][219]22
w2[218]1
[23][218]1
[42][218]34
v2[23]25
u2[23]25
[86][23]1
a1[122]31
[47][122]31
[77][122]31
a1[154]1
[18][154]1
[77][154]33
a1[155]31
[18][155]31
[77][155]31
v2a130
u2a130
[1962]a136
w2[1962]36
[86][1962]36
v2[86]22
u2[86]25
[157][531]59
[158][531]47
g1[158]47
[13][158]47
[31][158]47
g1[125]57
[13][125]57
[59][125]57
g1[157]1
[13][157]59
[31][157]1
[178]g136
[179]g150
c[179]50
a3[179]50
c[221]1
a3[221]30
[13][221]30
x3[178]36
a3[178]1
[96][223]67
[227][223]14
[228][223]51
c[223]108
a3[228]1
[13][228]51
[240]a325
[241]a362
v2[240]1
x3[240]25
i1[124]75
[43][124]75
[60][124]75
[161][525]69
[162][525]75
i1[161]1
z3[161]69
[29][161]1
i1[162]75
z3[162]75
[29][162]75
[176]i149
[177]i112
u2[177]12
y2[177]12
v0[213]1
b4[213]51
z2[213]1
y2[213]1
[61][213]1
z2[176]49
y2[176]1
z3[222]49
z2[222]49
y2[222]49
[242]y21
[243]y212
y1[242]1
u2[242]1
y1[243]12
u2[243]12
v2u21
z3u212
[1939]u28
v0[132]64
[21][132]64
t0[21]1
b4[21]59
[49][21]1
[1948][21]10
t0[156]47
[38][156]47
[49][156]47
[38][226]45
[49][226]1
v2[49]36
[17][49]26
v2[241]62
x3[241]1
v2[220]25
[17][220]25
[38][220]25
[249]v244
[250]v228
[251]v262
[252]v21
[64][249]44
[67][249]44
[67][203]8
[72][203]8
c[67]63
y1[67]63
y1[217]84
[32][217]84
[44][217]84
g[200]12
[104][200]12
[78][104]7
[210][104]8
[211][104]8
y1[211]8
[41][211]8
y1[251]1
[13][251]62
c4[250]28
[35][250]28
c[35]67
y1[35]70
y1[204]11
[71][204]11
y1[151]94
[32][151]102
h1[151]102
[44][151]102
h1[152]1
[57][152]104
[97][152]104
[57][225]71
[97][225]71
r1[120]1
h1[120]1
[44][120]106
[97][120]106
y1[97]1
[75][97]162
y1[201]1
[80][201]14
[255]y152
[256]y160
[257]y125
[258]y17
[259]y112
[260]y148
[261]y123
[262]y1102
c[255]52
g[255]1
j4[255]1
[40][255]52
[116]{{v}}11
[117]{{v}}11
[118]{{v}}26
[119]{{v}}16
{{s}}{{v}}33
e[116]1
g[116]1
p2[116]11
y0[116]11
g4[257]1
[22][257]1
[40][257]25
t0[18]35
z0[18]35
[47][18]1
d[31]47
t0[31]47
[59][31]1
t0[123]8
z0[123]8
[77][123]8
t0[47]31
z0[47]1
d[129]8
t0[129]8
[13][129]8
d[59]47
t0[59]45
h1[127]10
z0[127]10
[43][127]10
h1[29]75
z0[29]75
[60][29]1
h1[60]59
z0[60]59
t0z01
z3z061
[1963]z08
[1951]t050
[1952]t051
[1953]t01
[1954]t047
c4[1951]50
[39][1951]50
[39][30]1
[76][30]1
d[39]76
h1[39]91
h1[1952]1
[13][1952]51
h[139]8
h1[139]8
[41][139]8
h1[140]1
[80][140]11
h1[144]10
[71][144]10
[64][1954]47
[76][1954]47
[72][142]8
[76][142]8
d[76]118
h1[76]118
[1955]h152
[1956]h1172
{{s}}[1956]1
{{t}}[1956]1
e4[1956]67
[1957][1956]141
h[1957]1
d4[1957]94
[188][1957]9
[1958][1957]91
b2[1958]77
b4[1958]77
[114][1958]77
[1959][1958]12
[193][114]61
[194][114]61
{{s}}[194]1
g4[194]61
b4[256]60
g4[256]1
[112][256]60
{{s}}[193]61
g4[193]1
cg474
gg41
j4g41
[230][224]25
[231][224]55
[232][224]25
[233][224]28
[11][224]98
a2[232]25
[14][232]25
a2[1939]8
[74][1939]8
a2[118]26
[8][118]26
[20][118]26
a2[208]8
[53][208]8
a2[206]10
[65][206]10
l[149]61
{{s}}[149]61
e1[149]61
[11][149]61
l[230]25
e1[230]1
[14][230]25
{{t}}[121]8
[133][121]61
s1[121]1
[11][121]64
{{s}}[133]1
e1[133]61
d[522]58
[96][522]58
[1964][522]55
{{s}}[1964]1
e1[1964]1
[11][1964]55
e1[231]1
[22][231]55
q2[119]16
e1[119]1
[8][119]16
[14]e139
[22]e139
a2e18
a2[210]1
w0[210]8
[46][210]8
a2[252]1
z3[252]1
j4[112]1
[24][112]52
[1936][112]25
i[1936]1
a2[1936]25
u3[1936]25
c[197]7
a2[197]1
[52][197]7
a2[260]48
[48][260]48
ca2160
ga2160
e4[261]23
[22][261]23
k3[117]11
p2[117]11
[22][117]1
[22][207]1
[53][207]8
c[22]54
g[22]42
g[233]28
l[233]1
g[205]1
[68][205]7
g[262]1
d4[262]102
j1{{o}}7
[334]{{o}}8
[335]{{o}}7
[336]{{o}}8
[337]{{o}}24
[338]{{o}}24
[339]{{o}}14
[340]{{o}}7
[341]{{o}}10
[342]{{o}}8
[343]{{o}}12
[344]{{o}}7
[345]{{o}}9
[346]{{o}}13
m[337]1
n[337]24
g3[337]1
j1{{p}}6
[270]{{p}}8
[271]{{p}}8
[272]{{p}}50
[273]{{p}}92
[274]{{p}}12
[275]{{p}}7
[276]{{p}}7
[277]{{p}}8
[278]{{p}}10
[279]{{p}}7
[280]{{p}}9
[281]{{p}}6
[282]{{p}}12
n[272]50
l2[272]1
[15][272]1
l2[26]1
[15][26]1
n[273]92
l2[273]92
[15][273]92
m[15]61
g3[15]1
m[338]24
n[338]24
g3[338]24
e[344]1
[68][344]7
[350]g39
[351]g38
[352]g31
[353]g39
[354]g39
[355]g318
[356]g318
[357]g319
[358]g314
[359]g38
a[356]18
[101][356]18
i3[101]1
[9][101]12
[96][101]13
[1887][101]12
i3[353]9
z3[353]9
w3[353]1
q3[351]8
w3[351]1
[42][351]8
m2l260
[108]l260
[284]l260
[285]l221
[286]l218
[287]l29
[288]l216
[289]l210
[290]l216
[292]l237
[293]l251
[294]l29
[295]l240
[296]l226
[300][292]8
[301][292]20
[302][292]25
b[292]37
o3[302]1
[13][302]25
x3[290]1
o3[290]16
[13][290]16
[313]x315
[314]x316
b[314]16
o3[314]16
o3[313]1
[63][313]1
[315]o310
[316]o331
r3[316]31
[63][316]31
r3[315]1
[63][315]1
a[63]1
q3[63]1
k3[1887]1
[11][1887]8
[1888][1887]9
q3[1888]1
[13][1888]9
[10][288]16
[37][288]16
[42][288]16
r3w221
s3w28
[37]w21
[10][287]1
[37][287]1
[42][287]9
q3[37]1
w3[37]1
s3[108]27
[25][108]1
[34][108]1
[43][108]42
[1904][108]40
z2[286]1
[34][286]18
[43][286]18
s3z217
[25]z21
[1912]z221
m2[1912]21
[34][1912]21
s3[34]42
[25][34]1
i3[25]1
w3[25]1
i3[354]1
z3[354]9
w3[354]9
q3[352]1
w3[352]1
[42][352]1
z3w39
q3w31
[1886]w31
q3[358]1
[38][358]14
[17][296]1
[38][296]26
q3[17]35
r3[17]18
a[355]1
[106][355]18
[79][106]8
[360][106]8
[361][106]14
q3[360]8
[13][360]8
q3[289]10
r3[289]10
[38][289]10
[371]q335
[372]q38
[373]q31
[374]q39
[375]q39
i3[374]9
c4[374]9
i3[372]1
[13][372]8
[16][1904]40
[44][1904]40
m2[32]97
[16][32]136
m1[16]69
i3[16]124
[28][284]49
[58][284]21
b3[284]1
[9][284]60
[28]b325
[58]b325
[69]b314
[58][342]8
[72][342]8
[58][371]35
[64][371]35
[9][285]21
[58][285]21
[69][285]21
a[58]46
i3[58]46
i3[361]14
[9][361]14
[57][295]40
[75][295]40
i3[75]1
m2[75]1
i3[339]1
[80][339]14
m1[350]9
i3[350]9
[44][350]9
i3[343]12
[71][343]12
i3[357]1
[57][357]19
e[336]8
i3[336]8
[41][336]8
[376]i342
[377]i343
[378]i311
[379]i338
[380]i39
[381]i312
[382]i384
e[382]1
d4[382]84
e[380]9
e4[380]9
k3[1886]1
[74][1886]1
[303][293]10
[304][293]27
[305][293]10
[306][293]26
[11][293]51
k3[304]1
[20][304]1
k3[14]15
p2[14]1
q2[14]8
k3[379]38
k4[379]38
a[335]7
k3[335]1
[52][335]7
k3[373]1
z3[373]1
[8][346]13
[53][346]13
a[8]1
n3[8]1
k3[8]1
k3[305]10
q2[305]10
k3[303]10
s1[303]1
p2[303]10
k3[345]9
[65][345]9
ak369
ek369
[69][277]8
[72][277]8
[307][10]16
[308][10]1
r3[308]1
s3[308]1
r3[307]16
s3[307]1
z3s328
r3s31
[1905]s38
[317]r336
[318]r328
[319]r331
[320]r31
[64][317]36
[69][317]36
b[69]48
m2[69]48
m2[278]10
[71][278]10
m2[274]1
[80][274]12
c4[318]28
[28][318]28
b[28]37
m2[28]36
f[271]8
m2[271]8
[41][271]8
m2[319]1
[13][319]31
[323]m248
[324]m210
[325]m246
[326]m210
[327]m210
[328]m29
[329]m239
[330]m230
[331]m270
n3[325]1
[40][325]46
[62][325]1
n3[323]1
b4[323]48
[24][323]48
[98][323]48
n3[340]7
[78][340]7
n3[377]43
b4[377]43
[24][377]43
n3[326]10
p2[326]10
[40][326]10
i[324]1
n3[324]10
q2[324]10
b4[324]10
n3[359]8
[11][359]8
s1[334]1
n3[334]8
[99][334]8
n3j41
[62]j41
[98]j41
an31
en361
a[376]42
e[376]1
[40][376]42
f[275]7
[78][275]7
h[141]7
[78][141]7
p1[78]51
[27][78]51
{{s}}[147]10
[53][147]10
[20][282]12
[53][282]12
s1[53]71
u3[53]71
[27][53]71
j[27]120
n[27]1
q2[280]9
[65][280]9
{{t}}[146]10
[65][146]10
w0[65]1
[46][65]75
{{s}}[138]1
w0[138]10
[46][138]10
l[46]99
n[46]1
n[44]272
c2[44]272
q2[329]39
[48][329]39
j[48]1
b4[48]1
k4[48]73
q0[64]70
b4[64]70
v0[38]106
b4[38]106
f1[13]6
b4[13]6
q2[320]1
z3[320]1
d[1953]1
h[1953]1
z3[1953]1
iz338
jz31
b4z338
nb4213
u3b4213
f[331]1
d4[331]70
[54]d496
[396]d421
[397]d4173
u3[397]1
[40][397]173
n[40]251
[24][40]251
c[1959]12
n[1959]12
s1[1959]12
f1[1959]12
k4[1959]1
{{t}}[1955]52
k4[1955]52
f1k41
u3k41
[1855]k4103
k[1855]1
[9][1855]59
[1856][1855]70
n[9]129
g2[9]129
g2[77]1
[33][77]39
g2[42]1
c4[42]41
a[375]9
c4[375]9
{{t}}[1963]8
[74][1963]8
q2[1905]8
[74][1905]8
k[74]1
c4[74]29
jc447
[33]c447
a[327]10
[115][327]10
b[258]7
[115][258]7
j[115]1
k[115]15
[33][115]15
n[33]60
p1[33]60
s1[80]68
[12][80]68
[399]j16
[400]j11
k[400]1
p1[400]1
[12][400]1
d[135]8
h[135]1
[52][135]8
[195][135]1
i[396]21
k[396]21
[52][396]21
[52][281]6
[62][281]1
l[52]71
[12][52]71
c[259]1
[94][259]12
b[328]1
[94][328]9
a[378]1
[94][378]11
m1[94]13
[12][94]13
[1859][94]49
r1[71]29
[12][71]29
j[12]1
n[12]1
d[143]11
[73][143]11
b[276]7
[73][276]7
c[202]11
[73][202]11
a[341]10
[73][341]10
k[73]85
n[73]1
r1[73]85
p2[330]1
e4[330]30
l[150]1
{{s}}[150]1
w0[150]50
e4[150]1
h[145]1
[68][145]7
f[279]1
[68][279]7
e4[68]1
u3[68]15
[56][68]15
e4[43]76
u3[43]76
a[381]12
e4[381]12
s1e41
[99]e41
[1854]e495
k[1854]95
n[1854]95
[56][1854]95
a[300]8
[79][300]8
[36][294]1
[79][294]9
d[153]15
y0[153]1
[79][153]15
r1[79]26
[45][79]26
l[227]14
[36][227]14
[45][227]14
l[216]10
y0[216]10
[45][216]10
n[45]27
v0[45]27
d[188]1
[41][188]9
[61][188]9
l[1859]1
[41][1859]49
n[41]1
m1[41]69
n[130]6
s1[130]6
q0[130]6
q0[1856]70
[57][1856]70
n[57]162
b2[57]162
s1[270]1
[98][270]8
[99][270]8
n[99]1
w0[99]21
q0[96]1
u3[96]1
[55][96]130
m1[301]20
[55][301]20
k[399]1
q0[399]6
[55][399]6
l[55]1
n[55]128
n[11]130
w0[11]130
n[72]1
[54][72]59
d[1948]1
n[1948]10
r1[1948]10
y0[1948]10
b[98]1
f[98]53
p2[20]42
q2[20]42
bq2126
fq2126
b[62]1
f[62]1
cy01
[36]y01
a[36]9
b[36]8
s1[306]26
p2[306]1
bp21
fp21
j[56]1
s1[56]1
[394]s187
[395]s191
i[395]1
k[395]91
iw0172
jw01
kw01
m1b21
c2b2194
f1[61]6
c2[61]8
[388]c2113
[389]c2193
k[388]1
l[388]113
q0[388]113
q0[54]96
u3[54]96
kg298
q0g21
f1g238
lg2129
kv0134
q0v0134
iq0225
jq0225
kr1122
lr1122
m1r112
im11
km11
i[394]87
k[394]1
l[394]1
l[389]1
[24][389]193
i[24]1
j[24]259
ip11
lp1101
if11
jf11
ku3269
lu31
d{{s}}138
h{{s}}138
[195]{{s}}138
d[195]1
h[195]1
d{{t}}57
h{{t}}57
duration = 0.211578sec.

Transcirc
cut[307]
cut[308]
delete_node_ex20
cost:1894

[399]



[135]
minus{{r}}1



[33]



[32]
minus[217]1
minus[151]1



[1939]
minusu22



w2
minus[219]1
minus[1962]1



[313]
minusx31



[314]
minusx31



[55]



[177]
minusi11



[29]



z0
minus[127]1



[179]
minusg11



y2
cut[242]



a3
cut[241]



[37]
minus[288]1



o3
cut[315]
cut[63]



[357]
minusg31



[137]
minus{{r}}1



[99]



[116]
minus{{v}}1



[133]
minus[121]1



[124]


wire23
two_wire16
delete_node47
cost:1807
